 73.847017017515
 64.7825829779871
 70.0521774745245
 67.4793517580411
 71.1922022869477
 67.724749235945
 69.8595879120267
 66.16636328317909
 69.97090361596671
 69.6701240248717
 72.0627549780187
 63.7310481676985
 70.31169434087261
 73.1008762422727
 69.760094789524
 70.5185150906246
 72.2150349075593
 71.0323851971723
 74.216430944514
 66.55652498520909
 66.4241871307394
 70.44887435147071
 70.4713972712467
 71.96301517958911
 64.6866910596959
 70.708075083398
 68.143078450147
 73.57328407990779
 69.36857658827149
 68.0026044356898
 67.901808661601
 67.3960198498187
 66.9689359230578
 67.70035802136771
 71.6576596011603
 74.60466804831719
 70.6688631861614
 72.3875690410247
 68.2269692542835
 62.2734014792637
 69.21820493846231
 66.48310642739369
 66.6289461179895
 71.2382799033735
 72.2187361478107
 70.4896205409174
 63.7541488655653
 64.9399896121834
 69.8962171082176
 73.40103327741279
 61.0744871038506
 71.33131266494119
 67.5649415946167
 71.9109115778848
 73.0992837673105
 72.6645041014485
 73.3909870598365
 70.56945508806641
 64.1496958890354
 68.6903732515005
 67.7826581132307
 69.1918244334515
 69.4774099201808
 67.684325532839
 69.885301125946
 68.03767645529859
 66.22251823029779
 68.29577840615509
 71.146705499924
 75.4410579317434
 72.7389699965634
 74.1336639229843
 63.5261937306465
 72.2155368859669
 65.53876847929151
 70.5768141296914
 74.3088869487248
 70.45499146451181
 70.6475141490876
 74.38371528260259
 68.6621442214813
 67.3325661747305
 67.1367592016168
 68.0422060105184
 71.2536148826262
 64.059623006241
 75.42368655635821
 63.8460483229035
 76.6001829545762
 70.7816425068478
 69.3005304360303
 70.45994510277779
 68.6671579610973
 73.6313363648411
 67.68548994198559
 71.43330454027721
 68.6058472945698
 68.1739637087841
 73.80176657304079
 68.7372207368562
 58.9107320370127
 65.04952022148839
 64.03853748369301
 64.0912122326925
 61.759546496511
 70.39273782792399
 57.3977403653233
 61.1779832423059
 60.1211674783819
 62.7509967144146
 65.5819630301696
 60.8077724069542
 67.48169709213209
 66.21368061639841
 63.8894436057504
 59.5676198493025
 66.258258030821
 68.11141864432579
 60.9495616747468
 62.5044968802861
 65.1748308761764
 59.4974060191257
 62.3754184915593
 61.8251695502446
 64.0569755425466
 59.9002745344656
 62.8282480084833
 63.0306350404741
 60.8342383869735
 62.2492144489699
 69.3584863661227
 63.5563537144268
 64.7623660718552
 61.8656142294332
 60.7160823550811
 63.9247280105252
 63.4641092316783
 64.07855955335231
 63.5164997476628
 64.01458590149871
 62.7049166540007
 63.4607461749803
 66.72763190992229
 62.678265448176
 60.3990119652801
 63.1323807585613
 59.150511426605
 62.2357469976516
 70.7420859115169
 61.2669592453875
 64.5241474356795
 65.0224221134756
 70.020252714737
 63.7577282412983
 67.1134012949861
 61.5105296831285
 64.5802071176162
 62.5997282401031
 66.1513554095234
 68.893229963652
 61.7136296930153
 62.3154885506522
 64.4893423963608
 65.383224212625
 66.6623825967266
 65.1595902181177
 70.3985174035204
 65.7161765440232
 64.5067709553058
 63.6539641291906
 62.022989674241
 60.4839456506518
 63.953573681628
 58.3434842769827
 63.5216877801212
 62.7190871002672
 63.2095836922752
 68.1384431345043
 61.4759039649658
 66.2902680571484
 58.525426460434
 61.0195275637746
 63.007522022665
 65.6505076946534
 63.8250932772937
 62.7785052639
 62.8835262850901
 60.7985432311763
 67.259531926447
 62.5794911069391
 65.58602867906269
 63.5732517683164
 65.16420168834981
 62.2607254422301
 62.9004839996385
 66.7551632092198
 62.8850630208678
 61.8805579412634
 65.8453163836804
 61.1107246030827