 241.893563180437
 165.61162618225
 200.818737313254
 178.618350159953
 196.061529163376
 172.152772178008
 197.070856157865
 165.514607433147
 202.863293032098
 177.119160725399
 208.781853387475
 160.344903874399
 184.243860348496
 223.206451566012
 187.812061866277
 199.568441028307
 204.937760149992
 186.762487511985
 238.569450876454
 173.386830210271
 157.288087962353
 206.499744183883
 198.419138481736
 199.981620301624
 157.016808620085
 198.759126649571
 188.145142121778
 207.209460472941
 187.571057528204
 193.911524655417
 170.846760280748
 180.659638009296
 169.392797057265
 155.162586782756
 204.426255570436
 249.946283195065
 198.02356346314
 199.446899235481
 192.451676424637
 154.280690719851
 189.199501151371
 169.611473556961
 174.887786513081
 205.385709879611
 198.388265212198
 188.798292951655
 156.460632901291
 133.511983471512
 187.056772431363
 208.221064804361
 122.680111752611
 194.401079380422
 156.181339882736
 204.031741317729
 215.709114395579
 188.395182289828
 203.513414634719
 185.963995077841
 153.881377247791
 200.307314478977
 189.909671216622
 166.253275901213
 191.76385209845
 188.223099466658
 185.729441009546
 178.113252905524
 163.571042147135
 171.91674242832
 205.764891897379
 230.987021605729
 187.222908934528
 204.36710696778
 154.124330818015
 212.11994212474
 158.703141332814
 198.182717865879
 210.267888499549
 190.82493790144
 201.2655905099
 213.653765004901
 178.085844481126
 173.059213490754
 182.962242783551
 169.430852318367
 193.829564444462
 161.015154591803
 220.757114442976
 161.697693477066
 239.697207027428
 209.511912850533
 202.838700722612
 199.183533286829
 206.515756632978
 212.485152792428
 178.556922838024
 196.380703986065
 169.548131726275
 179.070339397527
 218.979725750831
 169.641736925312
 102.08832636784
 145.073538581697
 147.240564000238
 130.972209739261
 131.022230398974
 184.658610479957
 106.58756270741
 121.32706245028
 113.406966734996
 120.54515292797
 143.541242212163
 112.436341613195
 170.617082005891
 142.91653374882
 144.37596784709
 130.11924560848
 160.530052507513
 154.785882837839
 114.791401025589
 142.639641930986
 139.989934059748
 125.601269024671
 134.870906081511
 144.555484485503
 139.436196765653
 118.468947054012
 123.07117587653
 126.733534709637
 107.281036034548
 116.605800703524
 181.620926855241
 134.750594090197
 135.780229475904
 106.732049474341
 130.647715131428
 139.653461308064
 134.045732124858
 132.366492127765
 120.810049058451
 136.703387469422
 142.78950103101
 127.305711380606
 162.598816648826
 120.905938733318
 115.416770678645
 126.4837850033
 103.998976427179
 120.421334011018
 180.053865742702
 127.880410099806
 129.201505959375
 149.594116030134
 167.312358529085
 134.724986778298
 165.501254256483
 117.840302473304
 126.432720526499
 125.647206889565
 160.767288095629
 181.389695876567
 118.513012930273
 122.513984906493
 126.633052479505
 140.073641074898
 159.482376464725
 145.442724219011
 167.542411293767
 157.691150989167
 134.99769033233
 127.841625732637
 125.507080404148
 110.565497391584
 145.520358339144
 110.152236666551
 136.775805341435
 122.874559484302
 119.880041690307
 168.991862368438
 142.518795745625
 130.868418802778
 107.792496451413
 114.387793081519
 121.582019824345
 154.660472435919
 128.906812971035
 130.471472868411
 149.606555366288
 111.899015167472
 164.172201060228
 142.565483096249
 125.982888370193
 130.436640653772
 156.886259983342
 128.451609496612
 151.557667648506
 137.641530751013
 128.361153217695
 133.781139026222
 146.965778467625
 123.386296199673